32
10
Simon;Ábel;Attila;Ramóna;Gyöngyvér;Martina;Melánia;Ágota;Ernő;Veronika;Bódog;Lóránd;Lóránt;Gusztáv;Antónia;Antal;Piroska;Márió;Sebestyén;Sára;Ágnes;Artúr;Fábián;Vince;Rajmund;Timót;Pál;Zelma;Vanda;Angelika;Gerda;Adél
magyar ny.;irodalom;földrajz;matematika;történelem;angol ny.;kémia;digitális k.;biológia;fizika
3;4;5;5;5;3;5;5;3;4
5;3;2;2;5;3;4;3;1;4
5;2;4;2;4;4;3;3;5;5
4;3;5;1;3;5;4;4;3;4
5;3;5;2;4;3;2;4;4;2
4;3;3;4;4;4;4;2;4;5
2;3;4;3;5;5;2;5;3;3
2;4;5;4;2;4;3;2;5;4
4;3;4;2;2;5;2;5;2;5
3;2;3;2;1;3;2;3;4;1
3;3;2;2;5;3;4;4;5;3
5;5;4;4;3;3;3;5;5;4
2;3;1;3;2;5;4;3;4;3
2;3;5;5;2;5;2;3;3;2
3;4;2;3;3;4;5;3;5;4
5;5;2;4;4;5;2;4;5;3
4;2;2;2;1;5;2;2;5;4
3;3;5;5;2;4;2;3;2;4
4;4;4;4;4;5;3;5;4;4
3;5;3;5;3;4;5;2;4;3
5;5;5;4;5;4;5;4;5;4
4;3;4;5;5;5;4;4;4;5
4;3;2;5;3;3;5;5;3;2
5;5;2;5;3;3;3;3;2;5
4;3;1;3;4;3;2;4;5;4
2;5;3;4;4;5;3;3;4;4
4;3;5;2;2;3;4;4;2;2
5;5;5;5;5;5;4;5;4;5
2;2;3;5;3;5;3;5;2;2
4;5;5;5;2;3;3;4;4;5
3;2;3;2;4;4;4;5;5;2
4;5;4;4;5;3;3;2;3;5