42
25
0 0 0 0 0 0 0 0 0 0 0 0 0 0 0 0 0 0 0 0 0 0 0 0 0
0 0 0 0 0 3 0 0 0 0 0 8 10 10 0 0 0 0 0 0 0 0 0 0 0
0 0 0 0 0 19 10 0 11 16 18 10 0 0 0 0 0 0 0 0 0 0 0 0 0
0 0 0 9 17 35 5 11 11 22 18 0 0 0 0 0 0 0 0 0 0 0 0 0 0
0 0 0 19 75 64 53 61 25 0 10 4 11 17 17 0 27 61 13 0 0 0 0 0 0
0 2 0 18 75 58 64 25 49 0 0 34 74 73 67 20 55 75 3 15 2 10 0 0 0
0 18 25 23 71 32 34 62 24 0 0 43 55 58 51 28 75 58 2 22 35 9 3 10 0
0 6 12 35 76 47 51 62 0 0 0 32 65 40 84 51 40 40 47 65 0 0 26 21 0
0 6 29 40 76 43 73 88 0 0 0 33 88 76 73 38 56 28 4 86 80 0 15 16 0
0 0 14 31 24 42 52 63 42 27 0 50 50 42 67 84 51 53 33 46 0 0 7 3 0
0 13 29 27 80 34 38 57 68 72 26 55 22 81 76 60 34 51 4 13 0 0 0 0 0
0 12 26 27 65 33 77 49 73 38 89 35 80 36 76 77 88 79 18 13 18 10 0 0 0
0 12 25 37 59 65 20 57 33 48 84 75 48 33 34 92 86 97 89 93 82 86 3 11 0
0 0 0 35 53 59 38 37 69 36 54 52 55 36 36 96 81 92 95 98 82 90 0 0 0
0 0 6 56 62 47 47 60 58 25 20 38 64 47 29 40 44 23 25 0 0 0 0 0 0
0 0 0 36 54 21 62 59 26 34 49 40 63 36 63 38 52 67 60 52 34 27 2 0 0
0 0 2 44 46 41 26 42 46 34 29 33 60 16 63 67 18 62 63 51 35 12 18 0 0
0 4 12 31 25 24 25 22 57 67 0 44 40 36 45 58 51 29 45 12 46 37 13 0 0
0 5 19 10 58 40 42 41 20 41 0 13 19 19 27 24 53 54 27 29 55 0 0 0 0
0 4 16 25 35 39 52 74 52 66 0 0 40 53 46 23 36 23 26 22 30 0 0 0 0
0 19 10 24 35 68 76 72 44 35 0 0 16 46 21 35 59 56 38 56 27 22 1 0 0
0 0 0 16 36 88 58 83 33 27 0 0 0 45 58 25 25 68 25 0 46 52 8 0 0
0 0 0 17 38 80 55 67 96 77 0 0 0 0 61 76 52 36 25 0 30 21 9 0 0
0 18 15 22 30 73 56 64 54 67 96 84 62 73 68 68 72 66 49 0 0 0 0 0 0
0 9 26 32 25 68 66 66 76 62 84 82 67 53 83 90 63 57 48 0 0 0 0 0 0
0 0 0 0 35 88 68 73 67 88 98 75 74 70 72 72 75 79 26 0 0 0 0 0 0
0 11 0 0 29 74 62 75 71 72 52 75 67 65 88 58 76 59 69 0 0 23 0 0 0
0 11 21 39 20 94 96 94 67 80 70 66 61 77 62 74 94 67 24 0 0 36 0 0 0
0 12 18 23 22 39 52 77 83 67 97 68 67 56 20 26 6 0 0 0 0 29 0 0 0
0 0 18 35 32 45 83 58 80 57 84 86 68 60 49 25 20 5 11 26 14 11 0 0 0
0 0 5 36 46 12 97 63 50 92 50 21 29 53 46 31 26 35 2 0 5 0 0 0 0
0 0 12 8 59 45 76 83 68 81 29 18 41 64 56 98 45 8 8 0 0 0 0 0 0
0 0 0 15 42 28 82 69 64 85 45 52 45 62 45 31 19 6 0 0 0 0 0 0 0
0 0 0 8 55 46 61 54 79 69 49 48 34 33 37 13 33 29 0 0 0 0 0 0 0
0 0 0 7 50 24 25 45 40 35 50 41 35 14 0 20 35 25 0 0 0 0 0 0 0
0 0 0 0 0 0 10 43 21 23 50 31 54 13 0 0 0 0 0 0 0 0 0 0 0
0 0 0 3 9 4 19 69 59 28 53 57 33 11 28 40 16 0 0 0 0 0 0 0 0
0 0 12 39 44 38 42 58 19 23 48 61 15 51 11 24 18 0 0 0 0 0 0 0 0
0 0 16 33 37 43 43 2 10 32 2 46 31 41 39 9 0 0 0 0 0 0 0 0 0
0 0 0 20 29 23 11 12 23 37 4 32 25 0 0 0 0 0 0 0 0 0 0 0 0
0 0 0 10 17 8 0 1 0 22 0 28 0 0 0 0 0 0 0 0 0 0 0 0 0
0 0 0 0 0 0 0 0 0 0 0 0 0 0 0 0 0 0 0 0 0 0 0 0 0
